$ANSIBLE_VAULT;1.1;AES256
61376130396638636535343330353435663936336339336134393962306265363833633639633737
3461643566343338323365663333636335383037323537300a383434623961353563326638626335
34643539333533343964643164383166396264636332306537386666376633306238353364623531
6362303863616138630a653931393736643533313731343365316132656265633462326336643035
65623436336133643366383964306562353534306565306234643066313036636166303561653734
62393866616661373137333661613965393564396466323434376163373063343861303062336334
37316563623132373935313865336130306235643630366431316133323131383261393231636463
36656430386565633238636230333438383666383863346235356537363938333136663334346534
39333363316430626362643365333661363334343934396562366131303137323663386661623237
30366233386637316238303039333263386133656561373766633131356632636339306630376436
65366361623961306265383163306532336362326132333331666135373831353263643730613739
63663861353961623164393638363638376534366638303833373935353135323133666636623265
30356333633961396265323137663863373436646236333266643132373537663838623031373564
65376138636662316664386263626166646633313465313430636566346663656266326161353561
62346132323365353439366563343933366134363663623464386332336264663732316461393932
66613661646331653361313635356231353133646438396133306364386465653865373232366234
37623638353836623566343439633066303061393439396261313132326335613462396238623032
31346639353337636461636536356133353638633864333335616663313330383136653666613066
34646566636531306263646631643963356637303634303632636637326161346231613638396430
66306430306264346433386664346535633837393462303238333862373732626335356636653232
62336531373764393137326139373136323763336636336264313236373539353866643861636133
32343534356433363563333032326339623937666235393464356532323165356330386561383132
32613866663838353031663965383962396133326630366631383131656633643635366336613733
38653437636531323034306138323131376463333138323638653330353933383563656134623731
6439
